left_projection: 
1404.68       0 1093.77       0
      0 1404.96 650.198       0
      0       0       1       0
right_projection: 
    1376.92     2.00208     1088.67     -169124
   -14.5708     1393.23      683.02    -157.318
 -0.0168269 -0.00100995    0.999858    -1.58401
left box: center: 1240.65 732.7 size: 158.283 162.659 angle: 65.004
right box: center: 701.662 769.077 size: 157.555 163.977 angle: 101.367
A: 
  0.927528  0.0197164 -0.0981419          0
 0.0197164   0.960996 -0.0584935          0
-0.0981419 -0.0584935  0.0106183          0
         0          0          0          0
B: 
   1.74528 -0.0268721    0.48846   -211.169
-0.0268721    1.89289  -0.123577    4.42398
   0.48846  -0.123577   0.137707   -59.1508
  -211.169    4.42398   -59.1508    25550.9
left ellipse: 
  4.7008e-07  9.99052e-09 -0.000590523
 9.99052e-09  4.86851e-07 -0.000369111
-0.000590523 -0.000369111            1
right ellipse: 
 9.04936e-07 -1.44977e-08 -0.000623809
-1.44977e-08  9.74139e-07 -0.000739016
-0.000623809 -0.000739016            1
I2: -268.064 I3: -274.117 I4: -70.0821
I2: -268.064 I3: -274.117 I4: -70.0821
C: 
  0.0351852   0.0334559   -0.347886     107.968
  0.0334559 -0.00681664  0.00469027    -2.26193
  -0.347886  0.00469027  -0.0597896     30.2431
    107.968    -2.26193     30.2431    -13063.9
eigen    -13064.9
-0.00680644
3.49801e-05
   0.938016
A_full           0    -1404.96     82.5023           0
    1404.68           0    -146.876           0
    1.90757 -0.00467874    0.162925     -114.29
          0
7.27596e-12
1.42109e-14
A_full           0    -1404.96     147.761           0
    1404.68           0    -102.102           0
    1.90757 -0.00467874    0.162925     -114.29
7.27596e-12
          0
1.42109e-14